 Signal Area

1.0e+06 *

  Columns 1 through 19

    2.7427    2.8975    3.1045    3.5847    3.9391    4.1470    4.9351    4.8691    4.7828    4.6592    4.9198    5.0596    5.2051    5.1955    5.1126    5.1455    5.1590    4.8859    4.9710

  Columns 20 through 37

    5.2578    5.1096    4.8758    5.0325    4.9579    5.3348    5.1561    4.7815    5.2690    5.5159    5.1490    5.1149    4.7766    4.9493    5.0775    5.2343    5.6690    4.9384


keep in mind that the iterval along the x-axis is incremented by 5 degrees* 0 to 180*

Signal

 1.0e+04 *

  Columns 1 through 19

    0.7363    0.7445    0.8393    0.9658    0.9734    1.1798    1.1929    1.2748    1.3590    1.3795    1.3810    1.5097    1.3874    1.4242    1.4470    1.3939    1.5222    1.4203    1.3161

  Columns 20 through 37

    1.4653    1.3667    1.3659    1.3228    1.3115    1.3764    1.4132    1.3920    1.3811    1.3836    1.4757    1.3239    1.3932    1.4392    1.3400    1.4329    1.3806    1.5305